0.1523418 0.8593640
0.1933569 0.8242082
0.2460906 0.7851462
0.2910119 0.7343656
0.3574173 0.6835850
0.4101510 0.6347575
0.4550723 0.5898362
0.4863219 0.5488211
0.5371025 0.4941343
0.5097591 0.5175715
0.5683521 0.4531192
0.5996017 0.4296820
0.6249920 0.3925731
0.6581947 0.3632766
0.6933505 0.3261677
0.7167877 0.2871057
0.7402249 0.2558561
0.7890524 0.1972631
0.7519435 0.2421844
0.7831931 0.2050755
0.8417861 0.1523418
0.0996081 0.2968712
0.1210922 0.3417925
0.1367170 0.3769483
0.1445294 0.4003855
0.1679666 0.4453068
0.1894507 0.4824157
0.2070286 0.5195246
0.2324189 0.5527273
0.2539030 0.6113203
0.2753871 0.6464761
0.3007774 0.6796788
0.3222615 0.7070222
0.1445294 0.2382782
0.0839833 0.2207003
0.1210922 0.2304658
0.1874976 0.2578092
0.2187472 0.2636685
0.2324189 0.2695278
0.2539030 0.2773402
0.2871057 0.2910119
0.3359332 0.3046836
0.3945262 0.3378863
0.4414006 0.3574173
0.4824157 0.3671828
0.5234308 0.3808545
0.5566335 0.4023386
0.5898362 0.4081979
0.6503823 0.4316351
0.7206939 0.4609316
0.8007710 0.4863219
0.7617090 0.4746033
0.6855381 0.4394475
0.8652233 0.5117122
0.8847543 0.5195246
0.9433473 0.5468680
0.7363187 0.7773338
0.7363187 0.7949117
0.7656152 0.7968648
0.7656152 0.7910055
0.7538966 0.7831931
0.7558497 0.7753807
0.7675683 0.7753807
0.7714745 0.7890524
0.7460842 0.8085834
0.7656152 0.8183489
0.7519435 0.7929586
0.7851462 0.7968648
0.7773338 0.8066303
0.7558497 0.8085834
0.7519435 0.7656152
0.7910055 0.7773338
0.3144491 0.4257758
0.3144491 0.4374944
0.3144491 0.4570254
0.3222615 0.4570254
0.3339801 0.4570254
0.3378863 0.4492130
0.3339801 0.4160103
0.3300739 0.4335882
0.3437456 0.4335882
0.3437456 0.4550723
0.3261677 0.4453068
0.3261677 0.4199165
0.4726502 0.1113267
0.4726502 0.1386701
0.4746033 0.2089817
0.5175715 0.2070286
0.5449149 0.1679666
0.5449149 0.1230453
0.4941343 0.1152329
0.5292901 0.1269515
0.5312432 0.1542949
0.5117122 0.1503887
0.5019467 0.1347639
0.4785095 0.1679666
0.4511661 0.1796852
0.4511661 0.1445294
0.4531192 0.1210922
0.5038998 0.1699197
0.4843688 0.1874976
0.4648378 0.1874976
0.4999936 0.2187472
0.5195246 0.1816383
0.5331963 0.1874976
0.5527273 0.1874976
0.5429618 0.1992162
0.5507742 0.1308577
0.5371025 0.1328108
0.5566335 0.1484356
0.5331963 0.1035143
0.5019467 0.1035143
0.5546804 0.5898362
0.6308513 0.2890588
0.4199165 0.1464825
0.4609316 0.1660135
0.5117122 0.5429618
0.7578028 0.4570254
0.5390556 0.4374944
0.1894507 0.0078124
0.7089753 0.7753807
0.2187472 0.8163958
0.6718664 0.2324189
0.7538966 0.2675747
0.5683521 0.4414006
0.3574173 0.6699133
0.3554642 0.1367170
0.0957019 0.8749888
0.0410151 0.3417925
0.4863219 0.9257694
0.5937424 0.6757726
0.9023322 0.8886605
0.6503823 0.9140508
0.5273370 0.5371025
0.2070286 0.2031224
0.1015612 0.2382782
0.4999936 0.5683521
0.9081915 0.0019531
0.8593640 0.5624928
0.1777321 0.4414006
0.3398394 0.9745969
0.8007710 0.4179634
0.7148346 0.7089753
0.3593704 0.4804626
0.9042853 0.9648314
0.7167877 0.7578028
0.5585866 0.8085834
0.4121041 0.5273370
0.5449149 0.5351494
0.0214841 0.3046836
0.0390620 0.0058593
0.8788950 0.6796788
0.0507806 0.7578028
0.5527273 0.5136653
0.2031224 0.8808481
0.4140572 0.4980405
0.6640540 0.1093736
0.5195246 0.5683521
0.1386701 0.1796852
0.4277289 0.5761645
0.5253839 0.5663990
0.2949181 0.8886605
0.6054610 0.3046836
0.7870993 0.8867074
0.2714809 0.7538966
0.5292901 0.3593704
0.4374944 0.4433537
0.1718728 0.7558497
0.0117186 0.3281208
0.3671828 0.3710890
0.9550659 0.9785031
0.8847543 0.2851526
0.9199101 0.2148410
0.9179570 0.3789014
0.1054674 0.5292901
0.0175779 0.6562416
0.0878895 0.6562416
0.1542949 0.6660071
0.0488275 0.4453068
0.3359332 0.7324125
0.3515580 0.7675683
0.3671828 0.8007710
0.3789014 0.8300675
0.3964793 0.8613171
0.4101510 0.8925667
0.4199165 0.9179570
